1664859728,-76.9748333,-12.0820549,0,0,0.0,0,0,0,0,422496,78364
1664859909,-76.9748333,-12.0820549,0,0,0.0,0,0,0,0,422496,78364
1664860091,-76.9748333,-12.0820549,0,0,0.0,0,0,0,0,422496,78364
1664860274,-76.9748333,-12.0820549,0,0,0.0,0,0,0,0,422496,78364
1664860455,-76.9748333,-12.0820549,0,0,0.0,0,0,0,0,422496,78364
1664860637,-76.9748333,-12.0820549,0,0,0.0,0,0,0,0,422496,78364
1664860819,-76.9748333,-12.0820549,0,0,0.0,0,0,0,0,422496,78364
1664861001,-76.9748333,-12.0820549,0,0,0.0,0,0,0,0,422496,78364
1664861184,-76.9748333,-12.0820549,0,0,0.0,0,0,0,0,422496,78364
1664861365,-76.9748333,-12.0820549,0,0,0.0,0,0,0,0,422496,78364
1664861548,-76.9748333,-12.0820549,0,0,0.0,0,0,0,0,422496,78364
1664861729,-76.9748333,-12.0820549,0,0,0.0,0,0,0,0,422496,78364
1664861912,-76.9748333,-12.0820549,0,0,0.0,0,0,0,0,422496,78364
1664862093,-76.9748333,-12.0820549,0,0,0.0,0,0,0,0,422496,78364
1664862275,-76.9748333,-12.0820549,0,0,0.0,0,0,0,0,422496,78364
1664862458,-76.9748333,-12.0820549,0,0,0.0,0,0,0,0,422496,78364
1664862639,-76.9748333,-12.0820549,0,0,0.0,0,0,0,0,422496,78364
1664862822,-76.9748333,-12.0820549,0,0,0.0,0,0,0,0,422496,78364
1664863003,-76.9748333,-12.0820549,0,0,0.0,0,0,0,0,422496,78364
1664863186,-76.9748333,-12.0820549,0,0,0.0,0,0,0,0,422496,78364
1664863368,-76.9748333,-12.0820549,0,0,0.0,0,0,0,0,422496,78364
1664863551,-76.9748333,-12.0820549,0,0,0.0,0,0,0,0,422496,78364
1664863732,-76.9748333,-12.0820549,0,0,0.0,0,0,0,0,422496,78364
1664863914,-76.9748333,-12.0820549,0,0,0.0,0,0,0,0,422496,78364
1664864096,-76.9748333,-12.0820549,0,0,0.0,0,0,0,0,422496,78364
1664864278,-76.9748333,-12.0820549,0,0,0.0,0,0,0,0,422496,78364
1664864460,-76.9748333,-12.0820549,0,0,0.0,0,0,0,0,422496,78364
1664864642,-76.9748333,-12.0820549,0,0,0.0,0,0,0,0,422496,78364
1664864824,-76.9748333,-12.0820549,0,0,0.0,0,0,0,0,422496,78364
1664865005,-76.9748333,-12.0820549,0,0,0.0,0,0,0,0,422496,78364
1664865188,-76.9748333,-12.0820549,0,0,0.0,0,0,0,0,422496,78364
1664865369,-76.9748333,-12.0820549,0,0,0.0,0,0,0,0,422496,78364
1664865551,-76.9748333,-12.0820549,0,0,0.0,0,0,0,0,422496,78364
1664865733,-76.9748333,-12.0820549,0,0,0.0,0,0,0,0,422496,78364
1664865915,-76.9748333,-12.0820549,0,0,0.0,0,0,0,0,422496,78364
1664866098,-76.9748333,-12.0820549,0,0,0.0,0,0,0,0,422496,78364
1664866279,-76.9748333,-12.0820549,0,0,0.0,0,0,0,0,422496,78364
1664866462,-76.9748333,-12.0820549,0,0,0.0,0,0,0,0,422496,78364
1664866643,-76.9748333,-12.0820549,0,0,0.0,0,0,0,0,422496,78364
1664866826,-76.9748333,-12.0820549,0,0,0.0,0,0,0,0,422496,78364
1664867008,-76.9748333,-12.0820549,0,0,0.0,0,0,0,0,422496,78364
1664867189,-76.9748333,-12.0820549,0,0,0.0,0,0,0,0,422496,78364
1664867372,-76.9748333,-12.0820549,0,0,0.0,0,0,0,0,422496,78364
1664867554,-76.9748333,-12.0820549,0,0,0.0,0,0,0,0,422496,78364
1664867737,-76.9748333,-12.0820549,0,0,0.0,0,0,0,0,422496,78364
1664867919,-76.9748333,-12.0820549,0,0,0.0,0,0,0,0,422496,78364
1664868101,-76.9748333,-12.0820549,0,0,0.0,0,0,0,0,422496,78364
1664868283,-76.9748333,-12.0820549,0,0,0.0,0,0,0,0,422496,78364
1664868464,-76.9748333,-12.0820549,0,0,0.0,0,0,0,0,422496,78364
1664868647,-76.9748333,-12.0820549,0,0,0.0,0,0,0,0,422496,78364
1664868828,-76.9748333,-12.0820549,0,0,0.0,0,0,0,0,422496,78364
1664869010,-76.9748333,-12.0820549,0,0,0.0,0,0,0,0,422496,78364
1664869192,-76.9748333,-12.0820549,0,0,0.0,0,0,0,0,422496,78364
1664869374,-76.9748333,-12.0820549,0,0,0.0,0,0,0,0,422496,78364
1664869556,-76.9748333,-12.0820549,0,0,0.0,0,0,0,0,422496,78364
1664869738,-76.9748333,-12.0820549,0,0,0.0,0,0,0,0,422496,78364
1664869920,-76.9748333,-12.0820549,0,0,0.0,0,0,0,0,422496,78364
1664870101,-76.9748333,-12.0820549,0,0,0.0,0,0,0,0,422496,78364
1664870284,-76.9748333,-12.0820549,0,0,0.0,0,0,0,0,422496,78364
1664870465,-76.9748333,-12.0820549,0,0,0.0,0,0,0,0,422496,78364
1664870648,-76.9748333,-12.0820549,0,0,0.0,0,0,0,0,422496,78364
1664870830,-76.9748333,-12.0820549,0,0,0.0,0,0,0,0,422496,78364
1664871012,-76.9748333,-12.0820549,0,0,0.0,0,0,0,0,422496,78364
1664871193,-76.9748333,-12.0820549,0,0,0.0,0,0,0,0,422496,78364
1664871376,-76.9748333,-12.0820549,0,0,0.0,0,0,0,0,422496,78364
1664871557,-76.9748333,-12.0820549,0,0,0.0,0,0,0,0,422496,78364
1664871739,-76.9748333,-12.0820549,0,0,0.0,0,0,0,0,422496,78364
1664871921,-76.9748333,-12.0820549,0,0,0.0,0,0,0,0,422496,78364
1664872102,-76.9748333,-12.0820549,0,0,0.0,0,0,0,0,422496,78364
1664872284,-76.9748333,-12.0820549,0,0,0.0,0,0,0,0,422496,78364
1664872466,-76.9748333,-12.0820549,0,0,0.0,0,0,0,0,422496,78364
1664872648,-76.9748333,-12.0820549,0,0,0.0,0,0,0,0,422496,78364
1664872830,-76.9748333,-12.0820549,0,0,0.0,0,0,0,0,422496,78364
1664873012,-76.9748333,-12.0820549,0,0,0.0,0,0,0,0,422496,78364
1664873194,-76.9748333,-12.0820549,0,0,0.0,0,0,0,0,422496,78364
1664873376,-76.9748333,-12.0820549,0,0,0.0,0,0,0,0,422496,78364
1664873558,-76.9748333,-12.0820549,0,0,0.0,0,0,0,0,422496,78364
1664873740,-76.9748333,-12.0820549,0,0,0.0,0,0,0,0,422496,78364
1664873922,-76.9748333,-12.0820549,0,0,0.0,0,0,0,0,422496,78364
1664874104,-76.9748333,-12.0820549,0,0,0.0,0,0,0,0,422496,78364
1664874286,-76.9748333,-12.0820549,0,0,0.0,0,0,0,0,422496,78364
1664874468,-76.9748333,-12.0820549,0,0,0.0,0,0,0,0,422496,78364
1664874651,-76.9748333,-12.0820549,0,0,0.0,0,0,0,0,422496,78364
1664874832,-76.9748333,-12.0820549,0,0,0.0,0,0,0,0,422496,78364
1664875014,-76.9748333,-12.0820549,0,0,0.0,0,0,0,0,422496,78364
1664875196,-76.9748333,-12.0820549,0,0,0.0,0,0,0,0,422496,78364
1664875378,-76.9748333,-12.0820549,0,0,0.0,0,0,0,0,422496,78364
1664875561,-76.9748333,-12.0820549,0,0,0.0,0,0,0,0,422496,78364
1664875742,-76.9748333,-12.0820549,0,0,0.0,0,0,0,0,422496,78364
1664875925,-76.9748333,-12.0820549,0,0,0.0,0,0,0,0,422496,78364
1664876106,-76.9748333,-12.0820549,0,0,0.0,0,0,0,0,422496,78364
1664876288,-76.9748333,-12.0820549,0,0,0.0,0,0,0,0,422496,78364
1664876470,-76.9748333,-12.0820549,0,0,0.0,0,0,0,0,422496,78364
1664876651,-76.9748333,-12.0820549,0,0,0.0,0,0,0,0,422496,78364
1664876833,-76.9748333,-12.0820549,0,0,0.0,0,0,0,0,422496,78364
1664877015,-76.9748333,-12.0820549,0,0,0.0,0,0,0,0,422496,78364
1664877197,-76.9748333,-12.0820549,0,0,0.0,0,0,0,0,422496,78364
1664877379,-76.9748333,-12.0820549,0,0,0.0,0,0,0,0,422496,78364
1664877561,-76.9748333,-12.0820549,0,0,0.0,0,0,0,0,422496,78364
1664877743,-76.9748333,-12.0820549,0,0,0.0,0,0,0,0,422496,78364
1664877925,-76.9748333,-12.0820549,0,0,0.0,0,0,0,0,422496,78364
1664878107,-76.9748333,-12.0820549,0,0,0.0,0,0,0,0,422496,78364
1664878289,-76.9748333,-12.0820549,0,0,0.0,0,0,0,0,422496,78364
1664878471,-76.9748333,-12.0820549,0,0,0.0,0,0,0,0,422496,78364
1664878653,-76.9748333,-12.0820549,0,0,0.0,0,0,0,0,422496,78364
1664878835,-76.9748333,-12.0820549,0,0,0.0,0,0,0,0,422496,78364
1664879017,-76.9748333,-12.0820549,0,0,0.0,0,0,0,0,422496,78364
1664879199,-76.9748333,-12.0820549,0,0,0.0,0,0,0,0,422496,78364
1664879381,-76.9748333,-12.0820549,0,0,0.0,0,0,0,0,422496,78364
1664879563,-76.9748333,-12.0820549,0,0,0.0,0,0,0,0,422496,78364
1664879745,-76.9748333,-12.0820549,0,0,0.0,0,0,0,0,422496,78364
1664879926,-76.9748333,-12.0820549,0,0,0.0,0,0,0,0,422496,78364
1664880109,-76.9748333,-12.0820549,0,0,0.0,0,0,0,0,422496,78364
1664880291,-76.9748333,-12.0820549,0,0,0.0,0,0,0,0,422496,78364
1664880473,-76.9748333,-12.0820549,0,0,0.0,0,0,0,0,422496,78364
1664880654,-76.9748333,-12.0820549,0,0,0.0,0,0,0,0,422496,78364
1664880837,-76.9748333,-12.0820549,0,0,0.0,0,0,0,0,422496,78364
1664881018,-76.9748333,-12.0820549,0,0,0.0,0,0,0,0,422496,78364
1664881200,-76.9748333,-12.0820549,0,0,0.0,0,0,0,0,422496,78364
1664881382,-76.9748333,-12.0820549,0,0,0.0,0,0,0,0,422496,78364
1664881563,-76.9748333,-12.0820549,0,0,0.0,0,0,0,0,422496,78364
1664881745,-76.9748333,-12.0820549,0,0,0.0,0,0,0,0,422496,78364
1664881927,-76.9748333,-12.0820549,0,0,0.0,0,0,0,0,422496,78364
1664882109,-76.9748333,-12.0820549,0,0,0.0,0,0,0,0,422496,78364
1664882290,-76.9748333,-12.0820549,0,0,0.0,0,0,0,0,422496,78364
1664882472,-76.9748333,-12.0820549,0,0,0.0,0,0,0,0,422496,78364
1664882654,-76.9748333,-12.0820549,0,0,0.0,0,0,0,0,422496,78364
1664882835,-76.9748333,-12.0820549,0,0,0.0,0,0,0,0,422496,78364
1664883018,-76.9748333,-12.0820549,0,0,0.0,0,0,0,0,422496,78364
1664883200,-76.9748333,-12.0820549,0,0,0.0,0,0,0,0,422496,78364
1664883382,-76.9748333,-12.0820549,0,0,0.0,0,0,0,0,422496,78364
1664883564,-76.9748333,-12.0820549,0,0,0.0,0,0,0,0,422496,78364
1664883746,-76.9748333,-12.0820549,0,0,0.0,0,0,0,0,422496,78364
1664883928,-76.9748333,-12.0820549,0,0,0.0,0,0,0,0,422496,78364
1664884110,-76.9748333,-12.0820549,0,0,0.0,0,0,0,0,422496,78364
1664884292,-76.9748333,-12.0820549,0,0,0.0,0,0,0,0,422496,78364
1664884473,-76.9748333,-12.0820549,0,0,0.0,0,0,0,0,422496,78364
1664884656,-76.9748333,-12.0820549,0,0,0.0,0,0,0,0,422496,78364
1664884837,-76.9748333,-12.0820549,0,0,0.0,0,0,0,0,422496,78364
1664885019,-76.9748333,-12.0820549,0,0,0.0,0,0,0,0,422496,78364
1664885200,-76.9748333,-12.0820549,0,0,0.0,0,0,0,0,422496,78364
1664885383,-76.9748333,-12.0820549,0,0,0.0,0,0,0,0,422496,78364
1664885564,-76.9748333,-12.0820549,0,0,0.0,0,0,0,0,422496,78364
1664885747,-76.9748333,-12.0820549,0,0,0.0,0,0,0,0,422496,78364
1664885929,-76.9748333,-12.0820549,0,0,0.0,0,0,0,0,422496,78364
1664886110,-76.9748333,-12.0820549,0,0,0.0,0,0,0,0,422496,78364
1664886293,-76.9748333,-12.0820549,0,0,0.0,0,0,0,0,422496,78364
1664886474,-76.9748333,-12.0820549,0,0,0.0,0,0,0,0,422496,78364
1664886657,-76.9748333,-12.0820549,0,0,0.0,0,0,0,0,422496,78364
1664886839,-76.9748333,-12.0820549,0,0,0.0,0,0,0,0,422496,78364
1664886971,-76.9748333,-12.0820549,0,0,0.0,239,1,0,0,422496,78365
1664886990,-76.9745883,-12.0818366,6,57,230.0,0,1,0,0,422530,78384
1664887024,-76.97473,-12.081945,6,182,237.0,0,1,0,0,422550,78418
1664887024,-76.9747316,-12.08197,7,176,237.0,240,1,1,0,422553,78419
1664887026,-76.9747316,-12.081985,0,18,237.0,240,1,0,0,422553,78421
1664887029,-76.97473,-12.0819533,6,8,238.0,240,1,1,0,422553,78424
1664887033,-76.9747066,-12.0819383,0,14,235.0,240,1,0,0,422556,78428
1664887069,-76.9747116,-12.0819516,5,172,238.0,0,1,0,0,422556,78464
1664887071,-76.9747016,-12.0819733,9,167,238.0,240,1,1,0,422559,78465
1664887080,-76.9745166,-12.0824466,22,150,239.0,0,1,1,0,422616,78475
1664887090,-76.9742783,-12.0828183,15,148,238.0,0,1,1,0,422665,78485
1664887094,-76.9743149,-12.0829316,16,220,238.0,0,1,1,0,422679,78489
1664887104,-76.97524,-12.083255,38,261,237.0,0,1,1,0,422788,78499
1664887114,-76.9760516,-12.0833916,20,275,236.0,0,1,1,0,422878,78509
1664887124,-76.9763983,-12.0831116,21,260,234.0,0,1,1,0,422937,78519
1664887135,-76.9767033,-12.0832266,4,243,234.0,240,1,0,0,422973,78530
1664887139,-76.9766616,-12.083285,5,168,234.0,240,1,1,0,422987,78534
1664887141,-76.9766366,-12.0833166,0,168,234.0,240,1,0,0,422987,78535
1664887191,-76.9765683,-12.083465,0,170,237.0,0,1,0,0,423009,78585
1664887201,-76.9765433,-12.08356,6,171,241.0,0,1,0,0,423019,78595
1664887201,-76.9765433,-12.08356,6,171,241.0,240,1,1,0,423019,78596
1664887204,-76.976535,-12.0835899,0,171,242.0,240,1,0,0,423022,78599
1664887228,-76.9764966,-12.0837466,7,170,243.0,0,1,0,0,423040,78622
1664887229,-76.9764916,-12.083765,7,162,243.0,240,1,1,0,423045,78623
1664887235,-76.9764449,-12.0838783,0,207,242.0,240,1,0,0,423055,78629
1664887240,-76.9764716,-12.0839333,10,253,242.0,240,1,1,0,423066,78634
1664887250,-76.9768683,-12.0840216,17,262,242.0,0,1,1,0,423105,78644
1664887260,-76.9777649,-12.0841983,44,261,242.0,0,1,1,0,423210,78654
1664887268,-76.9781566,-12.0842616,4,252,242.0,240,1,0,0,423251,78662
1664887279,-76.9782449,-12.0843516,5,245,240.0,0,1,0,0,423267,78673
1664887280,-76.978285,-12.0843716,10,251,240.0,240,1,1,0,423271,78674
1664887290,-76.979055,-12.0845133,50,261,239.0,0,1,1,0,423357,78684
1664887300,-76.9803549,-12.0846666,52,264,241.0,0,1,1,0,423499,78694
1664887310,-76.981715,-12.0848183,40,265,238.0,0,1,1,0,423649,78704
1664887320,-76.9825933,-12.0848266,37,275,231.0,0,1,1,0,423747,78714
1664887330,-76.9836116,-12.0846783,33,304,228.0,0,1,1,0,423861,78724
1664887340,-76.9841916,-12.0835666,51,325,220.0,0,1,1,0,423999,78734
1664887350,-76.9847183,-12.082805,21,337,218.0,0,1,1,0,424102,78744
1664887360,-76.9852966,-12.0820233,40,322,218.0,0,1,1,0,424210,78753
1664887371,-76.9856916,-12.0815099,10,330,218.0,0,1,1,0,424281,78764
1664887381,-76.985855,-12.0812866,5,319,221.0,0,1,1,0,424309,78774
1664887382,-76.9858666,-12.081275,0,319,220.0,240,1,0,0,424309,78776
1664887390,-76.98592,-12.0812066,10,326,220.0,240,1,1,0,424323,78784
1664887396,-76.9859866,-12.08113,3,322,218.0,240,1,0,0,424332,78790
1664887405,-76.9860283,-12.0810666,11,307,217.0,240,1,1,0,424343,78799
1664887414,-76.9861416,-12.0808616,0,9,217.0,240,1,0,0,424364,78808
1664887434,-76.9860483,-12.0807699,8,47,218.0,240,1,1,0,424380,78828
1664887445,-76.9859,-12.0806266,5,47,219.0,0,1,1,0,424403,78839
1664887450,-76.9858583,-12.080575,0,63,220.0,240,1,0,0,424411,78844
1664887478,-76.9858033,-12.080565,6,51,220.0,0,1,0,0,424418,78872
1664887478,-76.9858033,-12.080565,6,51,220.0,240,1,1,0,424418,78872
1664887488,-76.9855066,-12.0803416,14,56,222.0,0,1,1,0,424459,78882
1664887497,-76.9853683,-12.0801966,0,48,224.0,240,1,0,0,424479,78891
1664887501,-76.9853233,-12.0801633,5,52,227.0,240,1,1,0,424486,78895
1664887503,-76.9853083,-12.08015,4,52,228.0,240,1,0,0,424486,78897
1664887543,-76.9852383,-12.0801199,6,50,229.0,0,1,0,0,424496,78937
1664887544,-76.9852133,-12.0801016,8,37,229.0,240,1,1,0,424502,78938
1664887547,-76.9851666,-12.080065,0,76,229.0,240,1,0,0,424505,78941
1664887558,-76.9851333,-12.0800516,7,62,228.0,0,1,0,0,424509,78952
1664887559,-76.9851333,-12.0800516,7,62,228.0,240,1,1,0,424512,78953
1664887570,-76.9848783,-12.0797983,5,55,227.0,0,1,1,0,424552,78964
1664887573,-76.984845,-12.0797533,0,43,226.0,240,1,0,0,424556,78967
1664887597,-76.98477,-12.0796416,8,33,225.0,0,1,0,0,424573,78990
1664887598,-76.98475,-12.0795966,10,18,225.0,240,1,1,0,424579,78992
1664887602,-76.98473,-12.07955,0,19,224.0,240,1,0,0,424581,78996
1664887617,-76.9847449,-12.0794483,7,14,225.0,0,1,0,0,424596,79010
1664887618,-76.9846466,-12.0793433,18,28,227.0,240,1,1,0,424612,79012
1664887624,-76.98457,-12.0791883,0,18,228.0,240,1,0,0,424627,79018
1664887641,-76.9844866,-12.07902,12,36,231.0,0,1,0,0,424652,79034
1664887641,-76.9844649,-12.0789899,12,33,231.0,240,1,1,0,424656,79035
1664887645,-76.98443,-12.07895,0,27,231.0,240,1,0,0,424659,79039
1664887655,-76.9843733,-12.07888,6,40,231.0,240,1,1,0,424672,79049
1664887666,-76.9841866,-12.0785549,9,25,231.0,0,1,1,0,424714,79059
1664887669,-76.98416,-12.0785,0,30,231.0,240,1,0,0,424717,79063
1664887675,-76.984105,-12.0784599,7,24,230.0,240,1,1,0,424728,79069
1664887679,-76.984065,-12.0783983,0,50,229.0,240,1,0,0,424733,79073
1664887685,-76.9840283,-12.07833,11,35,228.0,240,1,1,0,424745,79079
1664887690,-76.9838683,-12.0782766,21,103,227.0,0,1,1,0,424765,79083
1664887700,-76.9831149,-12.0787033,32,117,225.0,0,1,1,0,424860,79093
1664887710,-76.9827016,-12.0789366,0,123,224.0,240,1,0,0,424910,79104
1664887722,-76.9827016,-12.0789333,5,127,224.0,0,1,0,0,424910,79116
1664887724,-76.9826683,-12.0789449,9,119,224.0,240,1,1,0,424916,79117
1664887733,-76.9823166,-12.0790683,20,114,225.0,0,1,1,0,424957,79127
1664887743,-76.9817899,-12.0793416,21,115,222.0,0,1,1,0,425022,79137
1664887752,-76.9814733,-12.0794266,14,50,222.0,0,1,1,0,425060,79146
1664887762,-76.9811683,-12.0788249,26,31,222.0,0,1,1,0,425135,79156
1664887772,-76.980675,-12.07832,30,52,222.0,0,1,1,0,425214,79166
1664887782,-76.9799933,-12.0778666,30,55,222.0,0,1,1,0,425303,79175
1664887793,-76.9792833,-12.07737,25,47,223.0,0,1,1,0,425399,79186
1664887803,-76.978945,-12.0771883,10,83,226.0,0,1,1,0,425443,79196
1664887806,-76.9789383,-12.0770683,7,312,228.0,0,1,1,0,425457,79199
1664887816,-76.9792516,-12.0768433,17,252,234.0,0,1,1,0,425505,79209
1664887826,-76.9798033,-12.0772366,28,234,237.0,0,1,1,0,425579,79219
1664887836,-76.9804233,-12.0776483,25,234,237.0,0,1,1,0,425661,79229
1664887846,-76.9807199,-12.077855,17,234,231.0,0,1,1,0,425701,79239
1664887856,-76.9813,-12.0782933,29,237,227.0,0,1,1,0,425780,79249
1664887866,-76.9818916,-12.0783433,26,287,222.0,0,1,1,0,425852,79259
1664887876,-76.9825833,-12.0778849,31,300,223.0,0,1,1,0,425943,79269
1664887886,-76.9832833,-12.0775266,27,299,225.0,0,1,1,0,426030,79279
1664887896,-76.98367,-12.0773533,22,298,228.0,0,1,1,0,426076,79289
1664887906,-76.9842883,-12.07701,26,299,231.0,0,1,1,0,426155,79299
1664887916,-76.98461,-12.076875,3,282,232.0,240,1,0,0,426191,79309
1664887920,-76.9846616,-12.0768466,12,301,233.0,240,1,1,0,426199,79313
1664887930,-76.9851033,-12.0766533,28,294,233.0,0,1,1,0,426252,79323
1664887940,-76.985805,-12.0762433,28,295,235.0,0,1,1,0,426341,79333
1664887950,-76.9861766,-12.07605,0,304,235.0,240,1,0,0,426393,79343
1664887955,-76.9862,-12.0760166,9,293,235.0,240,1,1,0,426397,79348
1664887965,-76.9866,-12.0758116,30,286,232.0,0,1,1,0,426447,79358
1664887975,-76.9870816,-12.075515,13,293,231.0,0,1,1,0,426510,79368
1664887984,-76.9872933,-12.0754216,0,302,231.0,240,1,0,0,426531,79377
1664887999,-76.987295,-12.07542,0,302,230.0,239,0,0,0,426531,79390
1664888179,-76.987295,-12.07542,0,302,230.0,0,0,0,0,426531,79390
1664888360,-76.987295,-12.07542,0,302,230.0,0,0,0,0,426531,79390
1664888479,-76.987295,-12.07542,0,0,0.0,240,0,1,0,426531,79390
1664888481,-76.987295,-12.07542,0,0,0.0,239,1,1,0,426531,79391
1664888484,-76.9873166,-12.0753866,0,234,229.0,240,1,0,0,426531,79394
1664888513,-76.98735,-12.0753216,9,300,229.0,0,1,0,0,426548,79423
1664888514,-76.9873783,-12.0753166,9,294,229.0,240,1,1,0,426551,79424
1664888524,-76.98765,-12.0752433,10,298,229.0,0,1,1,0,426582,79434
1664888534,-76.9879366,-12.0751433,11,286,230.0,0,1,1,0,426616,79444
1664888544,-76.9882233,-12.0751466,8,251,231.0,0,1,1,0,426648,79454
1664888550,-76.9883,-12.0751099,6,341,233.0,0,1,1,0,426656,79460
1664888560,-76.988275,-12.0747483,11,1,233.0,0,1,1,0,426701,79470
1664888570,-76.9881599,-12.0741516,26,12,233.0,0,1,1,0,426769,79480
1664888580,-76.9880633,-12.0737216,9,33,232.0,0,1,1,0,426817,79490
1664888585,-76.9878366,-12.0736783,23,97,232.0,0,1,1,0,426846,79495
1664888595,-76.98724,-12.0737683,13,82,232.0,0,1,1,0,426913,79505
1664888599,-76.987325,-12.0736733,17,290,232.0,0,1,1,0,426930,79509
1664888609,-76.98795,-12.0733566,26,312,230.0,0,1,1,0,427008,79519
1664888619,-76.9881183,-12.0731249,8,329,228.0,0,1,1,0,427039,79529
1664888629,-76.98826,-12.0728316,16,334,226.0,0,1,1,0,427076,79539
1664888637,-76.988395,-12.0725266,0,319,227.0,240,1,0,0,427111,79547
1664888645,-76.9884416,-12.0724633,9,329,228.0,240,1,1,0,427122,79555
1664888656,-76.9885616,-12.0721866,5,340,226.0,0,1,1,0,427154,79565
1664888666,-76.988755,-12.0717366,20,344,227.0,0,1,1,0,427210,79575
1664888672,-76.9887766,-12.0715783,0,4,227.0,240,1,0,0,427226,79582
1664888745,-76.9887883,-12.0715766,0,300,229.0,239,0,0,0,427226,79653
1664888926,-76.9887883,-12.0715766,0,300,229.0,0,0,0,0,427226,79653
1664889013,-76.9887883,-12.0715766,0,300,229.0,239,1,0,0,427226,79654
1664889193,-76.9887883,-12.0715766,0,300,229.0,0,1,0,0,427226,79834
1664889373,-76.9887883,-12.0715766,0,300,229.0,0,1,0,0,427226,80014
1664889554,-76.9887883,-12.0715766,0,300,229.0,0,1,0,0,427226,80194
1664889734,-76.9887883,-12.0715766,0,300,229.0,0,1,0,0,427226,80374
1664889915,-76.988875,-12.0715433,0,295,242.0,0,1,0,0,427226,80554
1664890054,-76.98892,-12.0714433,8,339,244.0,0,1,0,0,427249,80694
1664890056,-76.9889283,-12.0714066,6,357,244.0,240,1,1,0,427253,80695
1664890065,-76.9889266,-12.07119,10,357,244.0,0,1,1,0,427277,80705
1664890073,-76.988905,-12.0710616,4,9,242.0,240,1,0,0,427289,80713
1664890087,-76.98883,-12.0709233,7,16,239.0,0,1,0,0,427309,80727
1664890088,-76.98882,-12.0709033,9,17,239.0,240,1,1,0,427309,80728
1664890098,-76.9886916,-12.0707383,9,14,238.0,0,1,1,0,427336,80737
1664890109,-76.9886033,-12.0703866,21,15,235.0,0,1,1,0,427376,80748
1664890119,-76.9884266,-12.0696583,35,11,232.0,0,1,1,0,427459,80758
1664890129,-76.98822,-12.0687166,38,13,231.0,0,1,1,0,427566,80768
1664890139,-76.9879916,-12.0677849,34,12,230.0,0,1,1,0,427673,80778
1664890149,-76.987815,-12.0671099,27,12,230.0,0,1,1,0,427750,80788
1664890159,-76.9876566,-12.0664633,15,2,232.0,0,1,1,0,427825,80798
1664890169,-76.9876083,-12.0662583,11,9,233.0,0,1,1,0,427848,80808
1664890179,-76.9875266,-12.0659883,9,23,236.0,0,1,1,0,427880,80818
1664890189,-76.9871566,-12.065865,23,82,233.0,0,1,1,0,427923,80828
1664890199,-76.986695,-12.0657733,6,86,232.0,0,1,1,0,427975,80838
1664890200,-76.9866583,-12.0657649,0,86,229.0,240,1,0,0,427975,80839
1664890203,-76.986615,-12.0657533,9,76,227.0,240,1,1,0,427982,80842
1664890213,-76.986225,-12.065665,24,75,223.0,0,1,1,0,428028,80852
1664890223,-76.98554,-12.0655083,24,79,225.0,0,1,1,0,428104,80862
1664890233,-76.9848783,-12.0654183,29,79,226.0,0,1,1,0,428178,80872
1664890243,-76.9844016,-12.0653316,5,83,229.0,0,1,1,0,428230,80882
1664890246,-76.9843683,-12.0652833,10,9,230.0,0,1,1,0,428238,80885
1664890256,-76.9844416,-12.064775,24,350,232.0,0,1,1,0,428295,80895
1664890266,-76.9845683,-12.0641033,24,350,235.0,0,1,1,0,428371,80905
1664890274,-76.984625,-12.063795,0,336,236.0,240,1,0,0,428405,80913
1664890287,-76.9846233,-12.0638,5,26,236.0,0,1,0,0,428405,80926
1664890288,-76.9845933,-12.0637516,11,60,236.0,240,1,1,0,428413,80927
1664890298,-76.9842883,-12.0636866,4,97,235.0,240,1,0,0,428443,80937
1664890402,-76.9842783,-12.0636883,0,0,0.0,240,1,1,0,428443,81040
1664890404,-76.9842783,-12.0636883,0,0,0.0,239,0,1,0,428443,81040
1664890414,-76.9842783,-12.0636883,0,0,0.0,0,0,1,0,428443,81040
1664890424,-76.9842783,-12.0636883,0,0,0.0,0,0,1,0,428443,81040
1664890434,-76.9842783,-12.0636883,0,0,0.0,0,0,1,0,428443,81040
1664890444,-76.9842783,-12.0636883,0,0,0.0,0,0,1,0,428443,81040
1664890454,-76.9842783,-12.0636883,0,0,0.0,0,0,1,0,428443,81040
1664890463,-76.9842783,-12.0636883,0,0,0.0,240,0,0,0,428443,81040
1664890644,-76.9842783,-12.0636883,0,0,0.0,0,0,0,0,428443,81040
1664890825,-76.9842783,-12.0636883,0,0,0.0,0,0,0,0,428443,81040
1664891006,-76.9842783,-12.0636883,0,0,0.0,0,0,0,0,428443,81040
1664891189,-76.9842783,-12.0636883,0,0,0.0,0,0,0,0,428443,81040
1664891370,-76.9842783,-12.0636883,0,0,0.0,0,0,0,0,428443,81040
1664891553,-76.9842783,-12.0636883,0,0,0.0,0,0,0,0,428443,81040
1664891734,-76.9842783,-12.0636883,0,0,0.0,0,0,0,0,428443,81040
1664891917,-76.9842783,-12.0636883,0,0,0.0,0,0,0,0,428443,81040
1664892099,-76.9842783,-12.0636883,0,0,0.0,0,0,0,0,428443,81040
1664892281,-76.9842783,-12.0636883,0,0,0.0,0,0,0,0,428443,81040
1664892463,-76.9842783,-12.0636883,0,0,0.0,0,0,0,0,428443,81040
1664892644,-76.9842783,-12.0636883,0,0,0.0,0,0,0,0,428443,81040
1664892827,-76.9842783,-12.0636883,0,0,0.0,0,0,0,0,428443,81040
1664893008,-76.9842783,-12.0636883,0,0,0.0,0,0,0,0,428443,81040
1664893191,-76.9842783,-12.0636883,0,0,0.0,0,0,0,0,428443,81040
1664893372,-76.9842783,-12.0636883,0,0,0.0,0,0,0,0,428443,81040
1664893536,-76.9842783,-12.0636883,0,0,0.0,0,0,0,0,428443,81040
1664893536,-76.9842783,-12.0636883,0,0,0.0,240,0,1,0,428443,81040
1664893546,-76.9842783,-12.0636883,0,0,0.0,0,0,1,0,428443,81040
1664893557,-76.9842783,-12.0636883,0,0,0.0,0,0,1,0,428443,81040
1664893567,-76.9842783,-12.0636883,0,0,0.0,0,0,1,0,428443,81040
1664893577,-76.9842783,-12.0636883,0,0,0.0,0,0,1,0,428443,81040
1664893587,-76.9842783,-12.0636883,0,0,0.0,0,0,1,0,428443,81040
1664893596,-76.9842783,-12.0636883,0,0,0.0,0,0,1,0,428443,81040
1664893600,-76.9842783,-12.0636883,0,0,0.0,240,0,0,0,428443,81040
1664893780,-76.9842783,-12.0636883,0,0,0.0,0,0,0,0,428443,81040
1664893960,-76.9842783,-12.0636883,0,0,0.0,0,0,0,0,428443,81040
1664894142,-76.9842783,-12.0636883,0,0,0.0,0,0,0,0,428443,81040
1664894324,-76.9842783,-12.0636883,0,0,0.0,0,0,0,0,428443,81040
1664894506,-76.9842783,-12.0636883,0,0,0.0,0,0,0,0,428443,81040
1664894688,-76.9842783,-12.0636883,0,0,0.0,0,0,0,0,428443,81040
1664894870,-76.9842783,-12.0636883,0,0,0.0,0,0,0,0,428443,81040
1664895052,-76.9842783,-12.0636883,0,0,0.0,0,0,0,0,428443,81040
1664895233,-76.9842783,-12.0636883,0,0,0.0,0,0,0,0,428443,81040
1664895368,-76.9842783,-12.0636883,0,0,0.0,239,1,0,0,428443,81041
1664895383,-76.9842783,-12.0636883,0,0,0.0,0,1,0,0,428443,81056
1664895383,-76.9842783,-12.0636883,0,0,0.0,240,1,1,0,428443,81056
1664895392,-76.9843216,-12.0636483,1,29,252.0,240,1,0,0,428443,81065
1664895480,-76.9841783,-12.0635866,5,74,253.0,0,1,0,0,428462,81153
1664895481,-76.9841333,-12.063565,9,82,253.0,240,1,1,0,428468,81154
1664895491,-76.98383,-12.0635149,16,85,252.0,0,1,1,0,428502,81163
1664895502,-76.9833066,-12.0634383,22,77,249.0,0,1,1,0,428560,81174
1664895512,-76.982865,-12.0633466,7,107,243.0,0,1,1,0,428610,81184
1664895522,-76.98249,-12.0634166,19,117,234.0,0,1,1,0,428651,81194
1664895532,-76.9820383,-12.0632733,11,120,220.0,0,1,1,0,428706,81204
1664895542,-76.98187,-12.0637666,35,169,220.0,0,1,1,0,428767,81214
1664895551,-76.9816683,-12.0645749,27,169,214.0,0,1,1,0,428860,81224
1664895561,-76.9814766,-12.0651083,27,167,219.0,0,1,1,0,428923,81234
1664895571,-76.9813216,-12.0657499,24,164,217.0,0,1,1,0,428997,81244
1664895581,-76.9812316,-12.06603,18,169,219.0,0,1,1,0,429032,81254
1664895591,-76.9810716,-12.0667233,32,165,228.0,0,1,1,0,429111,81264
1664895598,-76.980755,-12.0669616,20,101,232.0,0,1,1,0,429164,81271
1664895608,-76.9798766,-12.0671583,32,110,234.0,0,1,1,0,429263,81281
1664895615,-76.9797316,-12.0674666,22,183,240.0,0,1,1,0,429310,81288
1664895625,-76.9801483,-12.0683316,41,206,239.0,0,1,1,0,429417,81298
1664895635,-76.9803233,-12.0687916,17,198,231.0,0,1,1,0,429472,81308
1664895645,-76.9806649,-12.069585,45,201,222.0,0,1,1,0,429568,81318
1664895655,-76.98101,-12.070425,19,192,214.0,0,1,1,0,429667,81328
1664895665,-76.9811066,-12.0707499,20,196,210.0,0,1,1,0,429708,81338
1664895675,-76.9813316,-12.0712866,18,205,205.0,0,1,1,0,429772,81348
1664895685,-76.9815716,-12.07204,24,178,207.0,0,1,1,0,429861,81358
1664895689,-76.9813733,-12.072115,19,91,209.0,0,1,1,0,429889,81362
1664895699,-76.9806433,-12.0717566,33,62,210.0,0,1,1,0,429978,81371
1664895709,-76.9801033,-12.0716283,18,134,217.0,0,1,1,0,430043,81381
1664895719,-76.9798633,-12.072415,40,165,221.0,0,1,1,0,430135,81391
1664895729,-76.9798466,-12.0733783,39,181,221.0,0,1,1,0,430243,81401
1664895739,-76.9798933,-12.07444,34,183,221.0,0,1,1,0,430361,81411
1664895746,-76.9798966,-12.0747066,0,185,221.0,240,1,0,0,430389,81419
1664895777,-76.9798783,-12.0747366,5,152,227.0,0,1,0,0,430394,81449
1664895778,-76.9798766,-12.0747633,10,173,227.0,240,1,1,0,430397,81450
1664895784,-76.9798066,-12.074925,0,117,232.0,240,1,0,0,430414,81457
1664895806,-76.9797466,-12.0749099,5,100,237.0,0,1,0,0,430424,81478
1664895807,-76.9796883,-12.0749133,15,93,236.0,240,1,1,0,430430,81479
1664895817,-76.9790833,-12.0749233,25,86,236.0,0,1,1,0,430496,81489
1664895827,-76.978585,-12.07486,26,88,239.0,0,1,1,0,430551,81499
1664895837,-76.9779083,-12.0752899,38,124,243.0,0,1,1,0,430640,81509
1664895847,-76.976935,-12.075745,41,105,240.0,0,1,1,0,430758,81519
1664895857,-76.9763683,-12.0762583,31,171,234.0,0,1,1,0,430852,81529
1664895867,-76.9759333,-12.0769316,28,117,223.0,0,1,1,0,430949,81539
1664895875,-76.975705,-12.077025,13,190,218.0,0,1,1,0,430981,81548
1664895885,-76.9760366,-12.0779499,52,203,212.0,0,1,1,0,431090,81558
1664895895,-76.9767266,-12.0791666,59,212,212.0,0,1,1,0,431245,81568
1664895905,-76.9776483,-12.0803616,56,219,208.0,0,1,1,0,431411,81578
1664895916,-76.9787833,-12.0814466,55,226,211.0,0,1,1,0,431584,81588
1664895926,-76.9796966,-12.0823116,44,224,225.0,0,1,1,0,431722,81598
1664895936,-76.9803966,-12.0829883,35,225,226.0,0,1,1,0,431829,81608
1664895946,-76.981235,-12.0838183,53,224,224.0,0,1,1,0,431959,81618
1664895956,-76.98216,-12.0848483,52,210,222.0,0,1,1,0,432111,81628
1664895966,-76.9825333,-12.0859433,37,206,218.0,0,1,1,0,432240,81638
1664895970,-76.9829133,-12.0859466,35,276,208.0,0,1,1,0,432285,81642
1664895975,-76.9829549,-12.0854366,38,20,201.0,0,1,1,0,432354,81647
1664895985,-76.9820433,-12.0850483,38,78,196.0,0,1,1,0,432468,81657
1664895992,-76.9814466,-12.085245,35,146,195.0,0,1,1,0,432546,81664
1664895999,-76.9815783,-12.0858833,29,210,193.0,0,1,1,0,432629,81671
1664896002,-76.9818533,-12.0858633,31,285,191.0,0,1,1,0,432659,81674
1664896009,-76.9821399,-12.0854633,28,359,188.0,0,1,1,0,432719,81681
1664896019,-76.9818883,-12.084755,37,31,191.0,0,1,1,0,432803,81691
1664896029,-76.9810383,-12.08391,52,49,199.0,0,1,1,0,432936,81701
1664896039,-76.980065,-12.0829783,53,45,198.0,0,1,1,0,433084,81711
1664896049,-76.9791316,-12.082105,45,44,190.0,0,1,1,0,433213,81721
1664896059,-76.97857,-12.0816583,31,49,189.0,0,1,1,0,433303,81731
1664896069,-76.9779683,-12.0811316,15,48,194.0,0,1,1,0,433391,81741
1664896079,-76.9774883,-12.080615,31,42,198.0,0,1,1,0,433460,81751
1664896085,-76.97718,-12.0805366,24,103,202.0,0,1,1,0,433507,81757
1664896090,-76.97697,-12.0809,32,163,203.0,0,1,1,0,433554,81762
1664896097,-76.9767066,-12.08119,19,101,208.0,0,1,1,0,433607,81769
1664896107,-76.9763383,-12.08111,8,83,218.0,0,1,1,0,433648,81779
1664896118,-76.9757383,-12.0810233,26,81,221.0,0,1,1,0,433714,81789
1664896128,-76.9752566,-12.0810066,26,94,225.0,0,1,1,0,433766,81799
1664896138,-76.9748466,-12.0811116,17,157,228.0,0,1,1,0,433816,81809
1664896148,-76.9748933,-12.0818766,29,176,223.0,0,1,1,0,433902,81819
1664896158,-76.9748716,-12.0821816,0,162,226.0,0,1,1,0,433935,81829
1664896159,-76.9748699,-12.0821833,0,162,226.0,240,1,0,0,433935,81831
1664896203,-76.9748699,-12.0821833,7,100,226.0,0,1,0,0,433935,81875
1664896205,-76.9748183,-12.0821733,8,59,226.0,240,1,1,0,433939,81877
1664896212,-76.97471,-12.082135,0,101,227.0,240,1,0,0,433952,81884
1664896297,-76.974695,-12.0821316,5,76,228.0,0,1,0,0,433956,81969
1664896299,-76.9746033,-12.0821466,7,71,230.0,240,1,1,0,433964,81971
1664896309,-76.9743,-12.0820499,19,80,230.0,0,1,1,0,434001,81981
1664896319,-76.9739199,-12.0819766,13,100,228.0,0,1,1,0,434044,81991
1664896330,-76.9735433,-12.0826149,34,148,226.0,0,1,1,0,434127,82001
1664896340,-76.97309,-12.0832516,24,150,225.0,0,1,1,0,434213,82011
1664896348,-76.9730533,-12.083565,16,221,223.0,0,1,1,0,434251,82019
1664896358,-76.9738666,-12.083755,42,262,224.0,0,1,1,0,434343,82029
1664896368,-76.9748166,-12.08393,37,257,224.0,0,1,1,0,434449,82039
1664896378,-76.9759933,-12.0841099,48,261,225.0,0,1,1,0,434578,82049
1664896388,-76.9771016,-12.0842616,47,260,224.0,0,1,1,0,434700,82059
1664896398,-76.97838,-12.0844333,44,262,226.0,0,1,1,0,434840,82069
1664896408,-76.9794366,-12.08458,46,262,226.0,0,1,1,0,434956,82079
1664896418,-76.980605,-12.0847083,44,263,225.0,0,1,1,0,435084,82089
1664896428,-76.9816083,-12.0848283,35,264,222.0,0,1,1,0,435194,82099
1664896438,-76.982245,-12.0849216,25,262,222.0,0,1,1,0,435265,82109
1664896448,-76.98322,-12.0848933,34,271,217.0,0,1,1,0,435372,82119
1664896458,-76.9837783,-12.084355,34,333,216.0,0,1,1,0,435466,82129
1664896468,-76.9842666,-12.0834416,41,323,214.0,0,1,1,0,435581,82139
1664896478,-76.984835,-12.0827649,34,319,213.0,0,1,1,0,435679,82149
1664896488,-76.9854316,-12.0821316,25,327,212.0,0,1,1,0,435774,82159
1664896498,-76.9857433,-12.0817316,31,318,214.0,0,1,1,0,435831,82169
1664896508,-76.986205,-12.08114,15,324,212.0,0,1,1,0,435913,82179
1664896518,-76.9864183,-12.0809066,9,327,210.0,0,1,1,0,435948,82189
1664896522,-76.9864533,-12.0808533,4,325,210.0,240,1,0,0,435952,82193
1664896525,-76.9864783,-12.0808183,7,321,209.0,240,1,1,0,435958,82196
1664896528,-76.9864983,-12.080795,0,318,209.0,240,1,0,0,435962,82199
1664896543,-76.9866116,-12.0807016,12,323,210.0,240,1,1,0,435980,82214
1664896553,-76.9868833,-12.0803649,16,326,212.0,0,1,1,0,436027,82224
1664896563,-76.9869533,-12.0800916,14,26,213.0,0,1,1,0,436064,82234
1664896569,-76.9869833,-12.0799383,12,321,213.0,0,1,1,0,436082,82240
1664896579,-76.9874333,-12.0793249,36,325,213.0,0,1,1,0,436166,82250
1664896589,-76.9880466,-12.0785533,39,320,214.0,0,1,1,0,436275,82260
1664896599,-76.988605,-12.0778266,32,330,215.0,0,1,1,0,436376,82270
1664896606,-76.9887233,-12.077655,0,317,215.0,240,1,0,0,436396,82277
1664896634,-76.9887566,-12.0776433,6,312,215.0,0,1,0,0,436400,82305
1664896635,-76.9887733,-12.0776283,9,311,216.0,240,1,1,0,436405,82306
1664896645,-76.9890116,-12.0773233,18,321,217.0,0,1,1,0,436448,82316
1664896653,-76.9891183,-12.0771833,0,333,218.0,240,1,0,0,436466,82324
1664896726,-76.9891916,-12.0771233,9,333,220.0,0,1,0,0,436478,82397
1664896728,-76.9892016,-12.0771033,6,338,220.0,240,1,1,0,436478,82398
1664896730,-76.9892233,-12.0770583,3,327,220.0,240,1,0,0,436483,82401
1664896735,-76.9892516,-12.0769983,6,326,220.0,240,1,1,0,436493,82406
1664896737,-76.989265,-12.0769716,0,307,219.0,240,1,0,0,436493,82408
1664896813,-76.98927,-12.0769633,7,305,219.0,0,1,0,0,436497,82483
1664896814,-76.9893783,-12.07688,12,321,220.0,240,1,1,0,436513,82485
1664896825,-76.9895233,-12.0766666,4,332,222.0,240,1,0,0,436537,82496
1664896828,-76.9895283,-12.0766216,8,9,222.0,240,1,1,0,436544,82499
1664896839,-76.989075,-12.0761483,29,44,222.0,0,1,1,0,436619,82509
1664896848,-76.98868,-12.0757483,16,22,223.0,0,1,1,0,436682,82519
1664896858,-76.98847,-12.0751466,28,12,222.0,0,1,1,0,436753,82529
1664896868,-76.988345,-12.074695,6,18,222.0,0,1,1,0,436803,82539
1664896878,-76.9881866,-12.074215,26,12,222.0,0,1,1,0,436862,82549
1664896888,-76.988095,-12.0737466,8,8,219.0,0,1,1,0,436918,82559
1664896892,-76.988005,-12.073655,15,71,218.0,0,1,1,0,436933,82563
1664896902,-76.9873633,-12.0737316,19,97,219.0,0,1,1,0,437004,82573
1664896906,-76.987265,-12.0736466,13,346,218.0,0,1,1,0,437025,82577
1664896916,-76.9878433,-12.0734,32,303,218.0,0,1,1,0,437095,82587
1664896926,-76.9883166,-12.0727683,31,337,217.0,0,1,1,0,437183,82597
1664896936,-76.9886916,-12.0719283,34,337,217.0,0,1,1,0,437285,82607
1664896946,-76.988805,-12.07148,6,18,217.0,0,1,1,0,437338,82616
1664896951,-76.9887833,-12.0714216,0,18,217.0,240,1,0,0,437342,82621
1664897020,-76.9888133,-12.07136,7,355,218.0,0,1,0,0,437352,82690
1664897022,-76.9888099,-12.0713283,11,1,219.0,240,1,1,0,437355,82692
1664897032,-76.9887183,-12.0709366,11,17,220.0,0,1,1,0,437400,82702
1664897042,-76.98858,-12.0703,30,15,221.0,0,1,1,0,437473,82712
1664897052,-76.98841,-12.0695416,34,12,220.0,0,1,1,0,437559,82722
1664897062,-76.9881583,-12.0684816,41,14,219.0,0,1,1,0,437668,82732
1664897072,-76.9879533,-12.0676916,32,11,218.0,0,1,1,0,437770,82742
1664897082,-76.9878349,-12.0671416,15,7,217.0,0,1,1,0,437833,82752
1664897092,-76.9876933,-12.06648,28,12,218.0,0,1,1,0,437908,82762
1664897102,-76.9875666,-12.0659816,11,13,218.0,0,1,1,0,437965,82772
1664897112,-76.9874216,-12.0653433,37,10,218.0,0,1,1,0,438038,82782
1664897122,-76.9871716,-12.0645466,17,19,219.0,0,1,1,0,438131,82792
1664897125,-76.9871649,-12.0645383,0,26,220.0,240,1,0,0,438136,82795
1664897170,-76.9871633,-12.0644949,11,21,220.0,240,1,1,0,438144,82840
1664897180,-76.9869033,-12.0641216,24,79,219.0,0,1,1,0,438199,82850
1664897190,-76.986205,-12.0639516,34,77,219.0,0,1,1,0,438278,82860
1664897200,-76.9851983,-12.0637916,41,82,220.0,0,1,1,0,438389,82870
1664897210,-76.9843733,-12.0636566,20,82,222.0,0,1,1,0,438480,82880
1664897215,-76.98429,-12.0636433,0,77,223.0,240,1,0,0,438488,82885
1664897226,-76.9842516,-12.06369,6,162,225.0,240,1,1,0,438493,82896
1664897229,-76.9842516,-12.063705,0,162,225.0,239,0,0,0,438497,82897
1664897230,-76.9842516,-12.063705,0,162,225.0,240,0,0,0,438497,82897
1664897233,-76.9842516,-12.063705,0,0,0.0,240,0,1,0,438497,82897
1664897243,-76.9842516,-12.063705,0,0,0.0,0,0,1,0,438497,82897
1664897253,-76.9842516,-12.063705,0,0,0.0,0,0,1,0,438497,82897
1664897263,-76.9842516,-12.063705,0,0,0.0,0,0,1,0,438497,82897
1664897273,-76.9842516,-12.063705,0,0,0.0,0,0,1,0,438497,82897
1664897283,-76.9842516,-12.063705,0,0,0.0,0,0,1,0,438497,82897
1664897291,-76.9842516,-12.063705,0,0,0.0,240,0,0,0,438497,82897
1664897472,-76.9842516,-12.063705,0,0,0.0,0,0,0,0,438497,82897
1664897652,-76.9842516,-12.063705,0,0,0.0,0,0,0,0,438497,82897
1664897834,-76.9842516,-12.063705,0,0,0.0,0,0,0,0,438497,82897
1664898016,-76.9842516,-12.063705,0,0,0.0,0,0,0,0,438497,82897
1664898198,-76.9842516,-12.063705,0,0,0.0,0,0,0,0,438497,82897
1664898381,-76.9842516,-12.063705,0,0,0.0,0,0,0,0,438497,82897
1664898562,-76.9842516,-12.063705,0,0,0.0,0,0,0,0,438497,82897
1664898745,-76.9842516,-12.063705,0,0,0.0,0,0,0,0,438497,82897
1664898926,-76.9842516,-12.063705,0,0,0.0,0,0,0,0,438497,82897
1664899109,-76.9842516,-12.063705,0,0,0.0,0,0,0,0,438497,82897
1664899290,-76.9842516,-12.063705,0,0,0.0,0,0,0,0,438497,82897
1664899472,-76.9842516,-12.063705,0,0,0.0,0,0,0,0,438497,82897
1664899655,-76.9842516,-12.063705,0,0,0.0,0,0,0,0,438497,82897
1664899836,-76.9842516,-12.063705,0,0,0.0,0,0,0,0,438497,82897
1664899942,-76.9842516,-12.063705,0,0,0.0,240,0,1,0,438497,82897
1664899945,-76.9842516,-12.063705,0,0,0.0,239,1,1,0,438497,82899
1664899956,-76.9842516,-12.063705,0,0,0.0,0,1,1,0,438497,82909
1664899966,-76.9842516,-12.063705,0,0,0.0,0,1,1,0,438497,82919
1664899976,-76.9842516,-12.063705,0,0,0.0,0,1,1,0,438497,82929
1664899986,-76.9842516,-12.063705,0,0,0.0,0,1,1,0,438497,82939
1664899987,-76.9840166,-12.0638366,6,79,245.0,0,1,1,0,438497,82940
1664899997,-76.9835816,-12.063615,24,82,260.0,0,1,1,0,438580,82950
1664900007,-76.9831683,-12.0635133,12,81,268.0,0,1,1,0,438627,82960
1664900012,-76.98308,-12.0635133,0,91,268.0,240,1,0,0,438633,82965
1664900093,-76.9830883,-12.0634933,10,74,263.0,0,1,0,0,438636,83046
1664900095,-76.9830216,-12.0634666,16,65,264.0,240,1,1,0,438644,83048
1664900106,-76.98223,-12.063255,29,81,265.0,0,1,1,0,438734,83058
1664900112,-76.9819183,-12.0632966,15,152,264.0,0,1,1,0,438770,83065
1664900122,-76.9817333,-12.0637766,20,170,261.0,0,1,1,0,438827,83075
1664900132,-76.98158,-12.064255,20,156,258.0,0,1,1,0,438883,83085
1664900142,-76.981455,-12.0646349,8,167,252.0,0,1,1,0,438928,83095
1664900146,-76.9814833,-12.0647083,10,235,250.0,0,1,1,0,438937,83099
1664900156,-76.982135,-12.0648616,24,262,246.0,0,1,1,0,439010,83109
1664900166,-76.982795,-12.0649633,30,259,248.0,0,1,1,0,439083,83119
1664900176,-76.9833916,-12.0650966,21,261,248.0,0,1,1,0,439151,83129
1664900186,-76.9837733,-12.065195,14,259,246.0,0,1,1,0,439194,83139
1664900196,-76.9841083,-12.0652883,0,272,246.0,0,1,1,0,439231,83149
1664900199,-76.9841099,-12.0652916,0,272,246.0,240,1,0,0,439231,83151
1664900242,-76.9841533,-12.0653099,9,253,246.0,0,1,0,0,439238,83195
1664900244,-76.9841816,-12.0653183,13,252,246.0,240,1,1,0,439241,83196
1664900251,-76.9843316,-12.065425,10,180,246.0,0,1,1,0,439263,83204
1664900261,-76.9842016,-12.0660516,36,169,247.0,0,1,1,0,439334,83214
1664900270,-76.9841266,-12.06648,0,169,248.0,240,1,0,0,439381,83223
1664900273,-76.98416,-12.0665149,6,246,248.0,0,1,0,0,439388,83226
1664900274,-76.9842133,-12.0665216,12,266,248.0,240,1,1,0,439394,83227
1664900284,-76.9848783,-12.0666616,16,261,246.0,0,1,1,0,439468,83237
1664900294,-76.985225,-12.0667366,5,268,247.0,0,1,1,0,439506,83247
1664900297,-76.9852483,-12.0667483,0,268,248.0,240,1,0,0,439506,83249
1664900304,-76.98537,-12.0667533,8,256,248.0,240,1,1,0,439523,83257
1664900315,-76.9855616,-12.0668133,7,257,249.0,0,1,1,0,439543,83267
1664900325,-76.9857883,-12.0668566,7,258,249.0,0,1,1,0,439568,83277
1664900335,-76.9863016,-12.0669616,29,253,243.0,0,1,1,0,439631,83287
1664900345,-76.9870583,-12.0670766,27,263,241.0,0,1,1,0,439714,83297
1664900355,-76.9875816,-12.0671683,9,258,240.0,0,1,1,0,439770,83307
1664900365,-76.9879166,-12.0671983,16,258,238.0,0,1,1,0,439809,83317
1664900372,-76.98805,-12.0673216,17,198,236.0,0,1,1,0,439831,83324
1664900382,-76.9882099,-12.0680116,27,191,234.0,0,1,1,0,439909,83334
1664900392,-76.9883933,-12.06873,24,202,232.0,0,1,1,0,439992,83344
1664900402,-76.988495,-12.0691583,12,190,228.0,0,1,1,0,440041,83354
1664900412,-76.9885833,-12.0695866,22,198,227.0,0,1,1,0,440089,83364
1664900422,-76.9888183,-12.0705149,29,193,223.0,0,1,1,0,440196,83374
1664900431,-76.988915,-12.0710583,24,187,224.0,0,1,1,0,440257,83384
1664900441,-76.9888583,-12.0716666,24,156,222.0,0,1,1,0,440326,83394
1664900451,-76.9886833,-12.0721566,22,159,225.0,0,1,1,0,440384,83404
1664900461,-76.98857,-12.0724233,5,154,228.0,0,1,1,0,440416,83414
1664900468,-76.9885166,-12.0725449,0,171,228.0,240,1,0,0,440429,83420
1664900472,-76.9884916,-12.0726016,12,161,228.0,240,1,1,0,440438,83425
1664900482,-76.9881599,-12.0732533,38,144,226.0,0,1,1,0,440519,83435
1664900492,-76.9874083,-12.0737233,28,107,222.0,0,1,1,0,440619,83445
1664900502,-76.9868183,-12.0738549,10,99,226.0,0,1,1,0,440685,83454
1664900513,-76.98615,-12.0740766,29,110,228.0,0,1,1,0,440763,83465
1664900523,-76.98569,-12.0741733,18,103,235.0,0,1,1,0,440815,83475
1664900531,-76.9855183,-12.0742566,12,175,240.0,0,1,1,0,440839,83483
1664900541,-76.9858366,-12.0750649,41,207,239.0,0,1,1,0,440936,83493
1664900551,-76.98624,-12.0758333,14,208,237.0,0,1,1,0,441033,83503
1664900561,-76.98654,-12.07636,28,209,233.0,0,1,1,0,441100,83513
1664900571,-76.9866483,-12.0767866,14,159,232.0,0,1,1,0,441152,83523
1664900581,-76.9860949,-12.0770433,26,119,232.0,0,1,1,0,441220,83533
1664900591,-76.9853366,-12.0774716,39,119,233.0,0,1,1,0,441315,83543
1664900601,-76.9844649,-12.0779433,38,120,235.0,0,1,1,0,441424,83553
1664900611,-76.9839533,-12.0782483,18,122,234.0,0,1,1,0,441489,83563
1664900621,-76.9833433,-12.0785483,25,116,233.0,0,1,1,0,441564,83573
1664900631,-76.9826899,-12.0789149,24,118,233.0,0,1,1,0,441646,83583
1664900637,-76.9825816,-12.0789616,0,127,232.0,240,1,0,0,441659,83589
1664900655,-76.9825833,-12.0789616,7,126,232.0,0,1,0,0,441659,83607
1664900655,-76.982545,-12.0789933,12,121,232.0,240,1,1,0,441664,83607
1664900665,-76.9823799,-12.0790883,9,175,232.0,0,1,1,0,441687,83617
1664900675,-76.9825566,-12.0793649,15,205,232.0,0,1,1,0,441723,83627
1664900685,-76.9828366,-12.0798533,21,209,233.0,0,1,1,0,441786,83637
1664900695,-76.98308,-12.0802316,19,219,232.0,0,1,1,0,441835,83647
1664900705,-76.983555,-12.080605,22,233,229.0,0,1,1,0,441902,83657
1664900716,-76.9838816,-12.0807866,11,276,227.0,0,1,1,0,441943,83667
1664900726,-76.9842199,-12.0803949,27,321,224.0,0,1,1,0,442001,83677
1664900736,-76.9846033,-12.0799066,18,322,218.0,0,1,1,0,442070,83687
1664900740,-76.9846833,-12.0797966,0,315,216.0,240,1,0,0,442083,83692
1664900749,-76.9847266,-12.0797716,8,281,216.0,240,1,1,0,442088,83701
1664900755,-76.9848183,-12.0798233,9,219,217.0,0,1,1,0,442100,83706
1664900759,-76.9848616,-12.0798766,0,220,217.0,240,1,0,0,442109,83711
1664900858,-76.9849699,-12.07997,10,238,218.0,0,1,0,0,442126,83810
1664900859,-76.985005,-12.07999,14,238,218.0,240,1,1,0,442130,83811
1664900869,-76.9854083,-12.080265,18,232,216.0,0,1,1,0,442184,83821
1664900879,-76.9857716,-12.0804916,9,238,213.0,0,1,1,0,442231,83831
1664900889,-76.9860033,-12.0806833,7,243,211.0,0,1,1,0,442264,83841
1664900899,-76.98625,-12.0808133,9,268,209.0,0,1,1,0,442295,83851
1664900909,-76.9866633,-12.0802733,32,323,209.0,0,1,1,0,442370,83861
1664900919,-76.9871883,-12.0795949,36,321,209.0,0,1,1,0,442465,83870
1664900930,-76.9878,-12.0788249,33,324,209.0,0,1,1,0,442573,83881
1664900940,-76.98839,-12.0780916,39,323,208.0,0,1,1,0,442677,83891
1664900950,-76.9889099,-12.0773633,27,324,207.0,0,1,1,0,442776,83901
1664900960,-76.9892266,-12.0769183,16,347,207.0,0,1,1,0,442837,83911
1664900965,-76.989,-12.0766866,23,53,210.0,0,1,1,0,442876,83916
1664900975,-76.9884266,-12.0762866,23,51,213.0,0,1,1,0,442953,83926
1664900985,-76.9881016,-12.0760099,9,53,214.0,0,1,1,0,443001,83936
1664900991,-76.9879883,-12.0759866,0,72,216.0,240,1,0,0,443012,83943
1664901172,-76.9879866,-12.0759866,0,72,216.0,0,1,0,0,443012,84123
1664901353,-76.98796,-12.0760816,0,143,221.0,0,1,0,0,443012,84303
1664901532,-76.98796,-12.0760816,0,143,221.0,0,1,0,0,443012,84483
1664901703,-76.98796,-12.0760816,0,143,221.0,239,0,0,0,443012,84651
1664901883,-76.98796,-12.0760816,0,143,221.0,0,0,0,0,443012,84651
1664902064,-76.98796,-12.0760816,0,0,0.0,0,0,0,0,443012,84651
1664902198,-76.98796,-12.0760816,0,0,0.0,239,1,0,0,443012,84652
1664902378,-76.9878883,-12.0761383,0,9,224.0,0,1,0,0,443012,84832
1664902558,-76.9878883,-12.0761383,0,9,224.0,0,1,0,0,443012,85012
1664902635,-76.9878466,-12.0760933,5,68,227.0,0,1,0,0,443034,85089
1664902635,-76.98783,-12.0760933,8,97,228.0,240,1,1,0,443034,85089
1664902645,-76.9875083,-12.0762566,21,117,229.0,0,1,1,0,443075,85099
1664902656,-76.9868933,-12.0765966,23,124,229.0,0,1,1,0,443152,85109
1664902662,-76.986765,-12.0768266,20,192,229.0,0,1,1,0,443186,85115
1664902672,-76.9872416,-12.0776316,31,208,230.0,0,1,1,0,443290,85125
1664902681,-76.987225,-12.0781099,20,139,229.0,0,1,1,0,443351,85134
1664902691,-76.9864316,-12.0784633,32,115,229.0,0,1,1,0,443446,85144
1664902701,-76.9859183,-12.0787083,14,117,226.0,0,1,1,0,443508,85154
1664902711,-76.9854666,-12.078965,13,124,226.0,0,1,1,0,443565,85164
1664902720,-76.98499,-12.0791666,28,118,227.0,0,1,1,0,443622,85174
1664902730,-76.9846866,-12.0794166,13,204,227.0,0,1,1,0,443673,85184
1664902740,-76.984865,-12.0797833,16,212,230.0,0,1,1,0,443722,85194
1664902750,-76.9851833,-12.0800416,13,222,229.0,0,1,1,0,443767,85204
1664902755,-76.9852049,-12.0801249,0,178,229.0,240,1,0,0,443774,85209
1664902898,-76.9852333,-12.08013,6,183,229.0,0,1,0,0,443780,85351
1664902898,-76.9852333,-12.08013,6,183,229.0,240,1,1,0,443780,85352
1664902909,-76.9856,-12.0804466,5,234,229.0,0,1,1,0,443832,85362
1664902911,-76.9855966,-12.0804433,0,234,229.0,240,1,0,0,443832,85364
1664902943,-76.98564,-12.0804766,5,206,229.0,0,1,0,0,443839,85396
1664902943,-76.9856516,-12.0804883,5,214,229.0,240,1,1,0,443839,85397
1664902954,-76.9859783,-12.0807183,10,232,233.0,0,1,1,0,443885,85407
1664902962,-76.986195,-12.0807766,17,308,232.0,0,1,1,0,443912,85415
1664902972,-76.98667,-12.0802316,31,321,229.0,0,1,1,0,443992,85425
1664902982,-76.987155,-12.0796499,33,321,226.0,0,1,1,0,444076,85435
1664902992,-76.987605,-12.0793133,26,310,226.0,0,1,1,0,444138,85445
1664903002,-76.988155,-12.0786083,39,326,226.0,0,1,1,0,444237,85455
1664903012,-76.988595,-12.0779416,28,319,226.0,0,1,1,0,444325,85465
1664903022,-76.9888833,-12.0775533,19,321,227.0,0,1,1,0,444379,85475
1664903032,-76.9893699,-12.0770899,31,309,226.0,0,1,1,0,444453,85485
1664903042,-76.9900733,-12.0762733,46,323,220.0,0,1,1,0,444572,85495
1664903051,-76.9908,-12.0752483,48,324,212.0,0,1,1,0,444711,85505
1664903061,-76.9913966,-12.074485,40,319,207.0,0,1,1,0,444818,85514
1664903072,-76.9922416,-12.0734716,55,321,206.0,0,1,1,0,444963,85525
1664903082,-76.9930683,-12.0723049,54,325,204.0,0,1,1,0,445121,85535
1664903092,-76.993895,-12.0712366,49,324,204.0,0,1,1,0,445271,85545
1664903102,-76.9944383,-12.070565,25,322,201.0,0,1,1,0,445366,85555
1664903112,-76.9949666,-12.0698866,44,322,205.0,0,1,1,0,445461,85565
1664903122,-76.9955033,-12.0690516,32,355,208.0,0,1,1,0,445572,85575
1664903132,-76.9952366,-12.0681866,33,12,214.0,0,1,1,0,445673,85585
1664903141,-76.9950633,-12.0678666,0,45,218.0,240,1,0,0,445712,85594
1664903146,-76.994995,-12.0678,9,49,221.0,240,1,1,0,445726,85599
1664903156,-76.9944183,-12.0673933,39,58,226.0,0,1,1,0,445803,85609
1664903166,-76.9934699,-12.0667866,42,57,231.0,0,1,1,0,445927,85619
1664903176,-76.9924683,-12.0662433,42,61,232.0,0,1,1,0,446051,85629
1664903186,-76.9915366,-12.0656683,44,59,233.0,0,1,1,0,446171,85639
1664903196,-76.990725,-12.0652133,26,61,232.0,0,1,1,0,446273,85649
1664903205,-76.9904266,-12.0650316,0,70,233.0,240,1,0,0,446307,85658
1664903216,-76.9903833,-12.0650216,10,63,232.0,0,1,0,0,446316,85669
1664903216,-76.9903833,-12.0650216,10,63,232.0,240,1,1,0,446316,85669
1664903226,-76.9898833,-12.064755,28,63,232.0,0,1,1,0,446378,85679
1664903236,-76.9890183,-12.0644516,42,75,232.0,0,1,1,0,446478,85689
1664903246,-76.9881083,-12.0642616,33,81,233.0,0,1,1,0,446579,85699
1664903256,-76.987515,-12.0641966,9,79,235.0,0,1,1,0,446644,85709
1664903259,-76.9874866,-12.0641933,0,80,235.0,240,1,0,0,446644,85712
1664903336,-76.9874583,-12.0641866,7,80,234.0,0,1,0,0,446650,85788
1664903336,-76.9874366,-12.0641816,10,79,234.0,240,1,1,0,446650,85789
1664903347,-76.9869083,-12.0641033,27,79,236.0,0,1,1,0,446711,85799
1664903357,-76.9860416,-12.063955,38,80,236.0,0,1,1,0,446807,85809
1664903366,-76.9851949,-12.0637966,24,77,237.0,0,1,1,0,446900,85819
1664903376,-76.98446,-12.0636716,25,80,237.0,0,1,1,0,446981,85829
1664903382,-76.9842833,-12.06363,0,77,237.0,240,1,0,0,446997,85835
1664903395,-76.98418,-12.06364,7,96,235.0,0,1,0,0,447012,85847
1664903396,-76.98418,-12.06364,7,96,235.0,240,1,1,0,447012,85847
1664903397,-76.98418,-12.06364,7,96,235.0,239,0,1,0,447012,85847
1664903407,-76.98418,-12.06364,0,0,0.0,0,0,1,0,447012,85847
1664903417,-76.98418,-12.06364,0,0,0.0,0,0,1,0,447012,85847
1664903427,-76.98418,-12.06364,0,0,0.0,0,0,1,0,447012,85847
1664903437,-76.98418,-12.06364,0,0,0.0,0,0,1,0,447012,85847
1664903447,-76.98418,-12.06364,0,0,0.0,0,0,1,0,447012,85847
1664903457,-76.98418,-12.06364,0,0,0.0,0,0,1,0,447012,85847
1664903459,-76.98418,-12.06364,0,0,0.0,240,0,0,0,447012,85847
1664903639,-76.98418,-12.06364,0,0,0.0,0,0,0,0,447012,85847
1664903820,-76.98418,-12.06364,0,0,0.0,0,0,0,0,447012,85847
1664904002,-76.98418,-12.06364,0,0,0.0,0,0,0,0,447012,85847
1664904184,-76.98418,-12.06364,0,0,0.0,0,0,0,0,447012,85847
1664904366,-76.98418,-12.06364,0,0,0.0,0,0,0,0,447012,85847
1664904548,-76.98418,-12.06364,0,0,0.0,0,0,0,0,447012,85847
1664904730,-76.98418,-12.06364,0,0,0.0,0,0,0,0,447012,85847
1664904913,-76.98418,-12.06364,0,0,0.0,0,0,0,0,447012,85847
1664905094,-76.98418,-12.06364,0,0,0.0,0,0,0,0,447012,85847
1664905277,-76.98418,-12.06364,0,0,0.0,0,0,0,0,447012,85847
1664905450,-76.98418,-12.06364,0,0,0.0,0,0,0,0,447012,85847
1664905450,-76.98418,-12.06364,0,0,0.0,240,0,1,0,447012,85847
1664905460,-76.98418,-12.06364,0,0,0.0,0,0,1,0,447012,85847
1664905470,-76.98418,-12.06364,0,0,0.0,0,0,1,0,447012,85847
1664905480,-76.98418,-12.06364,0,0,0.0,0,0,1,0,447012,85847
1664905491,-76.98418,-12.06364,0,0,0.0,0,0,1,0,447012,85847
1664905501,-76.98418,-12.06364,0,0,0.0,0,0,1,0,447012,85847
1664905511,-76.98418,-12.06364,0,0,0.0,0,0,1,0,447012,85847
1664905514,-76.98418,-12.06364,0,0,0.0,240,0,0,0,447012,85847
1664905532,-76.98418,-12.06364,0,0,0.0,239,1,0,0,447012,85848
1664905533,-76.98418,-12.06364,0,0,0.0,240,1,1,0,447012,85850
1664905544,-76.98418,-12.06364,0,0,0.0,0,1,1,0,447012,85860
1664905554,-76.98418,-12.06364,0,0,0.0,0,1,1,0,447012,85870
1664905556,-76.9843016,-12.0636316,1,87,295.0,240,1,0,0,447012,85872
1664905579,-76.9842733,-12.0636116,5,68,246.0,0,1,0,0,447025,85895
1664905579,-76.9842733,-12.0636116,5,68,246.0,240,1,1,0,447025,85895
1664905589,-76.9837933,-12.0635366,24,86,245.0,0,1,1,0,447080,85905
1664905599,-76.9831566,-12.063425,19,77,240.0,0,1,1,0,447151,85915
1664905605,-76.9829816,-12.0634216,0,74,238.0,240,1,0,0,447167,85921
1664905688,-76.9829783,-12.0634216,5,77,238.0,0,1,0,0,447171,86004
1664905689,-76.9829116,-12.0634283,11,70,238.0,240,1,1,0,447178,86005
1664905699,-76.9820666,-12.0632133,44,67,238.0,0,1,1,0,447273,86015
1664905709,-76.98088,-12.06251,62,55,242.0,0,1,1,0,447424,86025
1664905719,-76.9794066,-12.0614983,73,55,245.0,0,1,1,0,447620,86035
1664905729,-76.97805,-12.06064,57,64,245.0,0,1,1,0,447796,86045
1664905739,-76.9766483,-12.0600483,62,65,245.0,0,1,1,0,447962,86055
1664905749,-76.9755916,-12.0596166,38,68,245.0,0,1,1,0,448087,86065
1664905759,-76.974405,-12.0590866,60,64,245.0,0,1,1,0,448228,86075
1664905769,-76.9734566,-12.05863,28,67,246.0,0,1,1,0,448344,86085
1664905779,-76.9729616,-12.0584433,14,71,245.0,0,1,1,0,448402,86095
1664905789,-76.9725483,-12.0582583,21,71,244.0,0,1,1,0,448453,86105
1664905799,-76.9720333,-12.0580216,23,69,248.0,0,1,1,0,448515,86115
1664905809,-76.9710933,-12.0577016,43,63,253.0,0,1,1,0,448632,86125
1664905819,-76.9701516,-12.05723,29,61,252.0,0,1,1,0,448747,86135
1664905829,-76.969695,-12.057015,10,64,253.0,0,1,1,0,448802,86145
1664905838,-76.9694533,-12.0569033,0,65,252.0,240,1,0,0,448831,86154
1664905844,-76.96939,-12.0568733,9,63,252.0,240,1,1,0,448839,86160
1664905850,-76.9692816,-12.0568266,0,35,252.0,240,1,0,0,448849,86166
1664905867,-76.9692099,-12.0567933,15,65,253.0,0,1,0,0,448861,86183
1664905867,-76.9692099,-12.0567933,15,65,253.0,240,1,1,0,448861,86183
1664905877,-76.9687633,-12.05659,19,68,254.0,0,1,1,0,448909,86193
1664905887,-76.9683516,-12.0565066,13,108,257.0,0,1,1,0,448963,86203
1664905897,-76.9680616,-12.0570316,26,159,264.0,0,1,1,0,449031,86213
1664905908,-76.9677183,-12.0578116,28,161,264.0,0,1,1,0,449126,86223
1664905913,-76.9676966,-12.05804,12,228,263.0,0,1,1,0,449153,86228
1664905917,-76.9678,-12.0580616,0,281,264.0,240,1,0,0,449161,86233
1664905930,-76.96784,-12.0580233,10,337,266.0,240,1,1,0,449171,86246
1664905939,-76.9679699,-12.0578266,0,308,268.0,240,1,0,0,449193,86255
1664905972,-76.9679783,-12.0579416,0,308,270.0,239,0,0,0,449203,86286
1664905989,-76.9679783,-12.0579416,0,308,270.0,0,0,0,0,449203,86286
1664906170,-76.9679783,-12.0579416,0,308,270.0,0,0,0,0,449203,86286
1664906350,-76.9679783,-12.0579416,0,0,0.0,0,0,0,0,449203,86286
1664906532,-76.9679783,-12.0579416,0,0,0.0,0,0,0,0,449203,86286
1664906714,-76.9679783,-12.0579416,0,0,0.0,0,0,0,0,449203,86286
1664906896,-76.9679783,-12.0579416,0,0,0.0,0,0,0,0,449203,86286
1664907077,-76.9679783,-12.0579416,0,0,0.0,0,0,0,0,449203,86286
1664907260,-76.9679783,-12.0579416,0,0,0.0,0,0,0,0,449203,86286
1664907441,-76.9679783,-12.0579416,0,0,0.0,0,0,0,0,449203,86286
1664907623,-76.9679783,-12.0579416,0,0,0.0,0,0,0,0,449203,86286
1664907806,-76.9679783,-12.0579416,0,0,0.0,0,0,0,0,449203,86286
1664907987,-76.9679783,-12.0579416,0,0,0.0,0,0,0,0,449203,86286
1664908170,-76.9679783,-12.0579416,0,0,0.0,0,0,0,0,449203,86286
1664908351,-76.9679783,-12.0579416,0,0,0.0,0,0,0,0,449203,86286
1664908534,-76.9679783,-12.0579416,0,0,0.0,0,0,0,0,449203,86286
1664908630,-76.9679783,-12.0579416,0,0,0.0,0,0,0,0,449203,86286
1664908631,-76.9679783,-12.0579416,0,0,0.0,240,0,1,0,449203,86286
1664908635,-76.9679783,-12.0579416,0,0,279.0,240,0,0,0,449203,86286
1664908638,-76.9680549,-12.05794,0,164,266.0,239,1,0,0,449203,86287
1664908665,-76.967965,-12.0581249,10,161,271.0,240,1,1,0,449224,86314
1664908673,-76.9678883,-12.0582433,10,90,272.0,0,1,1,0,449248,86322
1664908682,-76.9675816,-12.0583783,25,155,271.0,0,1,1,0,449289,86331
1664908691,-76.96739,-12.0586399,0,123,269.0,240,1,0,0,449328,86340
1664908696,-76.9674083,-12.0584566,17,336,268.0,240,1,1,0,449349,86345
1664908706,-76.9676983,-12.0577216,15,343,263.0,0,1,1,0,449437,86355
1664908716,-76.967845,-12.057265,19,340,259.0,0,1,1,0,449490,86365
1664908726,-76.9679699,-12.0569483,14,335,255.0,0,1,1,0,449528,86375
1664908736,-76.9680333,-12.0567683,0,346,251.0,240,1,0,0,449546,86385
1664908740,-76.9680566,-12.05672,10,340,251.0,240,1,1,0,449555,86389
1664908748,-76.9680716,-12.0564633,7,41,250.0,0,1,1,0,449585,86397
1664908758,-76.9678116,-12.0562716,18,53,253.0,0,1,1,0,449621,86407
1664908768,-76.9671416,-12.0558699,23,63,261.0,0,1,1,0,449707,86417
1664908778,-76.966465,-12.055565,30,67,265.0,0,1,1,0,449788,86427
1664908788,-76.9658733,-12.0553083,13,68,271.0,0,1,1,0,449858,86437
1664908791,-76.9658216,-12.0552866,0,63,272.0,240,1,0,0,449861,86440
1664908800,-76.9657783,-12.0552633,11,66,274.0,240,1,1,0,449870,86449
1664908810,-76.96554,-12.0551699,10,68,272.0,0,1,1,0,449893,86459
1664908820,-76.965245,-12.0550466,8,62,275.0,0,1,1,0,449931,86469
1664908830,-76.9650316,-12.0549533,6,70,284.0,0,1,1,0,449958,86479
1664908831,-76.9650149,-12.0549416,4,70,287.0,240,1,0,0,449958,86480
1664908833,-76.964985,-12.0549249,8,62,287.0,240,1,1,0,449962,86482
1664908837,-76.9649483,-12.054875,8,353,288.0,0,1,1,0,449972,86486
1664908840,-76.9649933,-12.05484,8,280,288.0,0,1,1,0,449979,86489
1664908850,-76.9657916,-12.0551399,38,245,290.0,0,1,1,0,450072,86499
1664908861,-76.9668449,-12.0556066,39,245,289.0,0,1,1,0,450198,86509
1664908871,-76.967625,-12.0559349,28,246,290.0,0,1,1,0,450290,86519
1664908881,-76.9682349,-12.0561899,23,243,278.0,0,1,1,0,450362,86529
1664908891,-76.9687716,-12.0564866,26,244,273.0,0,1,1,0,450429,86539
1664908901,-76.9695516,-12.0568133,37,246,272.0,0,1,1,0,450522,86549
1664908911,-76.9704083,-12.0571783,36,245,274.0,0,1,1,0,450623,86559
1664908920,-76.9712916,-12.05753,30,247,273.0,0,1,1,0,450727,86569
1664908930,-76.9720166,-12.0578099,37,249,268.0,0,1,1,0,450812,86579
1664908940,-76.9729316,-12.0581766,34,251,264.0,0,1,1,0,450919,86589
1664908950,-76.973635,-12.0584883,25,243,262.0,0,1,1,0,451003,86599
1664908960,-76.974005,-12.0586099,9,244,262.0,0,1,1,0,451052,86609
1664908970,-76.9744333,-12.0588433,26,245,259.0,0,1,1,0,451106,86619
1664908980,-76.974915,-12.0591033,21,237,261.0,0,1,1,0,451166,86629
1664908990,-76.975685,-12.0594533,36,245,259.0,0,1,1,0,451258,86639
1664909000,-76.9765566,-12.0598083,38,249,259.0,0,1,1,0,451361,86649
1664909010,-76.9774466,-12.06028,39,248,262.0,0,1,1,0,451471,86659
1664909020,-76.9781333,-12.0606033,25,250,262.0,0,1,1,0,451554,86669
1664909025,-76.978275,-12.0606283,0,233,262.0,240,1,0,0,451569,86674
1664909030,-76.9783566,-12.0606649,8,231,262.0,240,1,1,0,451580,86679
1664909040,-76.9790316,-12.0611283,42,233,261.0,0,1,1,0,451670,86689
1664909050,-76.9800483,-12.061855,51,234,264.0,0,1,1,0,451807,86699
1664909060,-76.98113,-12.0626016,50,233,259.0,0,1,1,0,451951,86708
1664909071,-76.9822699,-12.0631483,24,250,257.0,0,1,1,0,452090,86719
1664909077,-76.9823733,-12.0632316,0,192,256.0,240,1,0,0,452104,86726
1664909086,-76.98223,-12.0632083,17,76,254.0,0,1,0,0,452121,86734
1664909086,-76.98223,-12.0632083,17,76,254.0,240,1,1,0,452121,86735
1664909092,-76.9819233,-12.0632033,12,142,247.0,0,1,1,0,452162,86740
1664909102,-76.9817,-12.0640766,38,166,246.0,0,1,1,0,452262,86750
1664909112,-76.9815083,-12.0648083,17,183,237.0,0,1,1,0,452348,86760
1664909117,-76.9816533,-12.0649266,18,246,238.0,0,1,1,0,452372,86765
1664909127,-76.9825216,-12.0650483,40,260,245.0,0,1,1,0,452467,86775
1664909137,-76.9834583,-12.065205,36,261,247.0,0,1,1,0,452571,86785
1664909147,-76.9839599,-12.0652666,13,279,242.0,0,1,1,0,452624,86795
1664909150,-76.9839266,-12.0652666,0,280,240.0,240,1,0,0,452628,86798
